h1 rows 141968  2003-05-05 00:00:00 .. 2026-09-30 23:00:00
daily rows 6109  2003-05-05 .. 2026-10-01
issues: ["2 hourly moves > 5%: [Timestamp('2008-09-18 19:00:00'), Timestamp('2026-01-29 15:00:00')]"]

year | h1 bars | daily bars | median exec spread bps | p90 exec spread bps
2003 | 4021 | 173 | 11.76 | 14.44
2004 | 6272 | 262 | 11.63 | 12.90
2005 | 6236 | 260 | 10.91 | 12.11
2006 | 6242 | 260 | 8.12 | 9.34
2007 | 6264 | 261 | 6.38 | 7.89
2008 | 6288 | 262 | 4.67 | 6.55
2009 | 6264 | 261 | 5.07 | 6.03
2010 | 6262 | 261 | 4.00 | 4.61
2011 | 6220 | 260 | 2.63 | 4.26
2012 | 6242 | 261 | 2.15 | 2.99
2013 | 6049 | 261 | 2.42 | 4.43
2014 | 6049 | 261 | 2.43 | 3.05
2015 | 5989 | 261 | 2.60 | 3.46
2016 | 5927 | 261 | 2.41 | 2.92
2017 | 5912 | 260 | 1.93 | 2.27
2018 | 5906 | 261 | 1.82 | 2.34
2019 | 5910 | 261 | 2.11 | 2.50
2020 | 5927 | 262 | 2.17 | 4.90
2021 | 5907 | 261 | 2.00 | 2.47
2022 | 5915 | 260 | 1.95 | 2.76
2023 | 5890 | 260 | 1.76 | 2.45
2024 | 5938 | 262 | 1.64 | 3.00
2025 | 5913 | 261 | 1.86 | 3.87
2026 | 4425 | 196 | 1.54 | 2.79

hour UTC | median spread bps (all years)
00 | 2.73
01 | 2.50
02 | 2.46
03 | 2.43
04 | 2.39
05 | 2.40
06 | 2.42
07 | 2.35
08 | 2.29
09 | 2.30
10 | 2.29
11 | 2.27
12 | 2.27
13 | 2.29
14 | 2.51
15 | 2.34
16 | 2.25
17 | 2.29
18 | 2.37
19 | 2.42
20 | 2.46
21 | 4.52
22 | 6.15
23 | 4.50
